16 Smart Stats Normalized and Raw


   Failure     1 Norm      1 Raw       5 Norm      5 Raw       7 Norm       7 Raw       9 Norm      9 Raw       183 Norm    183 Raw     184 Norm     184 Raw     187 Norm    187 Raw     188 Norm    188 Raw     189 Norm     189 Raw     190 Norm    190 Raw     193 Norm    193 Raw     194 Norm     194 Raw     195 Norm    195 Raw     197 Norm    197 Raw     198 Norm     198 Raw
[[ 1.         -0.34637151 -0.00103839 -0.37016603  0.25466913 -0.33852826  -0.02206493 -0.31663039 -0.31475728 -0.35728408  0.02866211 -0.33069015  -0.29471842 -0.55187731  0.15898547 -0.32915408 -0.16004358 -0.36098808   0.02105607 -0.33389033 -0.30355072  0.40473557 -0.62587381 -0.30355072   0.01502781  0.08280096  0.0793319  -0.34016107  0.07535849 -0.34016107   0.0603507 ]
 [-0.34637151  1.          0.07918435  0.97934938 -0.20702661  0.96840688   0.02428735  0.98782048  0.61516057  0.89109264  0.03488504  0.99147703   0.93449454  0.75813244  0.05866557  0.99198041  0.40664784  0.89574166   0.02362458  0.98638085  0.96025134  0.39372764  0.50113868  0.96025134   0.1266949   0.05258338  0.05004845  0.9799356  -0.05921903  0.9799356    0.02474193]
 [-0.00103839  0.07918435  1.          0.01582003  0.01404653  0.02255336   0.01641132  0.01749968 -0.00061065  0.01959139  0.04906138  0.01821872   0.00452406  0.03072389  0.00265637  0.01695882 -0.00120288  0.0163657    0.00337689  0.01875585  0.0120165  -0.00892257  0.02468053  0.0120165   -0.02424771  0.00761426  0.07710435  0.01575056 -0.0119266   0.01575056   0.00449657]
 [-0.37016603  0.97934938  0.01582003  1.         -0.33712238  0.95784518   0.02625528  0.97472442  0.61001744  0.88460852  0.02852393  0.97848479   0.92315683  0.77479131  0.04621921  0.97906173  0.40990156  0.88637742   0.01253312  0.97320236  0.94854244  0.36206544  0.51633088  0.94854244   0.12802117  0.05488293  0.04788812  0.96844706 -0.06521824  0.96844706   0.01608928]
 [ 0.25466913 -0.20702661  0.01404653 -0.33712238  1.         -0.18377407  -0.00487893 -0.17298888 -0.10322714 -0.1800536   0.00279049 -0.17605611  -0.16115248 -0.36202318  0.20154548 -0.17569828 -0.05991032 -0.18061357   0.03766633 -0.17473332 -0.16986766  0.0979449  -0.22777911 -0.16986766  -0.01817355 -0.03533884 -0.03136643 -0.18659129  0.06434904 -0.18659129   0.04534512]
 [-0.33852826  0.96840688  0.02255336  0.95784518 -0.18377407  1.          -0.03647695  0.9738629   0.58290394  0.87190344  0.0353456   0.97446505   0.9213152   0.72684693  0.08913849  0.97524887  0.4095419   0.87740638   0.02283338  0.97137769  0.94037501  0.35469037  0.53418702  0.94037501   0.11056704  0.04213563  0.03895176  0.96259864 -0.06113846  0.96259864   0.02073391]
 [-0.02206493  0.02428735  0.01641132  0.02625528 -0.00487893 -0.03647695   1.          0.02979374 -0.00813306  0.03136903 -0.00438313  0.02680924   0.02392137  0.02383774  0.02895885  0.02668468  0.00993484  0.02993086  -0.0035495   0.0227381   0.03441926  0.02693514  0.0000256   0.03441926   0.03601645 -0.00756359 -0.00715959  0.02645696 -0.00188537  0.02645696   0.00030571]
 [-0.31663039  0.98782048  0.01749968  0.97472442 -0.17298888  0.9738629    0.02979374  1.          0.55438728  0.89628205  0.03045772  0.99535543   0.94051178  0.72821268  0.10165675  0.99607887  0.40652459  0.89532852   0.02433675  0.99064056  0.96388395  0.43860149  0.46526002  0.96388395   0.12585645  0.03653774  0.03252721  0.98183605 -0.05639278  0.98183605   0.02862579]
 [-0.31475728  0.61516057 -0.00061065  0.61001744 -0.10322714  0.58290394  -0.00813306  0.55438728  1.          0.54195275  0.02253658  0.61755289   0.58220529  0.47405008  0.06424558  0.6178579   0.36888416  0.5652878    0.00584605  0.60995266  0.60816839  0.0233761   0.51108455  0.60816839   0.09961313  0.12199046  0.10115824  0.61025505 -0.04760046  0.61025505   0.01753744]
 [-0.35728408  0.89109264  0.01959139  0.88460852 -0.1800536   0.87190344   0.03136903  0.89628205  0.54195275  1.         -0.12988314  0.89741478   0.84675625  0.68832473  0.05211787  0.89796115  0.31703764  0.81579205   0.00527534  0.89300136  0.86900538  0.35946067  0.44746861  0.86900538   0.11378446  0.04319653  0.03059512  0.88757939 -0.05119687  0.88757939   0.02536236]
 [ 0.02866211  0.03488504  0.04906138  0.02852393  0.00279049  0.0353456   -0.00438313  0.03045772  0.02253658 -0.12988314  1.          0.03114558   0.02836205 -0.00756634  0.0387615   0.0310608   0.09688175  0.02747293   0.02223634  0.02890766  0.03453713  0.02317822  0.01284031  0.03453713   0.02094396 -0.00711381 -0.0056433   0.03088071 -0.00463142  0.03088071  -0.00264308]
 [-0.33069015  0.99147703  0.01821872  0.97848479 -0.17605611  0.97446505   0.02680924  0.99535543  0.61755289  0.89741478  0.03114558  1.           0.93097991  0.73530335  0.09561809  0.99928889  0.42156014  0.89911718   0.02351268  0.99337762  0.96802516  0.41078937  0.49296827  0.96802516   0.1301866   0.04930248  0.04315643  0.98547023 -0.05843713  0.98547023   0.02642601]
 [-0.29471842  0.93449454  0.00452406  0.92315683 -0.16115248  0.9213152    0.02392137  0.94051178  0.58220529  0.84675625  0.02836205  0.93097991   1.          0.66497089  0.15640391  0.94407331  0.39979463  0.85078037   0.02105263  0.93771176  0.9162915   0.39997808  0.45461485  0.9162915    0.12965825  0.04740068  0.03859774  0.92752075 -0.03543374  0.92752075   0.04930041]
 [-0.55187731  0.75813244  0.03072389  0.77479131 -0.36202318  0.72684693   0.02383774  0.72821268  0.47405008  0.68832473 -0.00756634  0.73530335   0.66497089  1.         -0.28121472  0.73284805  0.27083832  0.71193727  -0.01283403  0.73304358  0.69938191  0.06784885  0.55555093  0.69938191   0.0557794   0.03423664  0.03780726  0.73830474 -0.08090195  0.73830474  -0.02744846]
 [ 0.15898547  0.05866557  0.00265637  0.04621921  0.20154548  0.08913849   0.02895885  0.10165675  0.06424558  0.05211787  0.0387615   0.09561809   0.15640391 -0.28121472  1.          0.1023467   0.16605206  0.03914546   0.02422362  0.1004547   0.1025637   0.16211969 -0.04860456  0.1025637    0.02575503 -0.01065661 -0.01245392  0.07139207  0.10885396  0.07139207   0.14404437]
 [-0.32915408  0.99198041  0.01695882  0.97906173 -0.17569828  0.97524887   0.02668468  0.99607887  0.6178579   0.89796115  0.0310608   0.99928889   0.94407331  0.73284805  0.1023467   1.          0.42200823  0.89988599   0.02341328  0.99400365  0.96889017  0.41229557  0.49219096  0.96889017   0.1309556   0.04943073  0.04296998  0.98581127 -0.05643958  0.98581127   0.02895399]
 [-0.16004358  0.40664784 -0.00120288  0.40990156 -0.05991032  0.4095419    0.00993484  0.40652459  0.36888416  0.31703764  0.09688175  0.42156014   0.39979463  0.27083832  0.16605206  0.42200823  1.          0.37241821   0.04832378  0.41565072  0.41757152  0.12189628  0.21784768  0.41757152   0.08822975 -0.13406446 -0.11752041  0.41589508 -0.02807758  0.41589508   0.00697784]
 [-0.36098808  0.89574166  0.0163657   0.88637742 -0.18061357  0.87740638   0.02993086  0.89532852  0.5652878   0.81579205  0.02747293  0.89911718   0.85078037  0.71193727  0.03914546  0.89988599  0.37241821  1.          -0.10972408  0.89465953  0.87153814  0.32257727  0.48413202  0.87153814   0.11647223  0.06523652  0.05670991  0.88733859 -0.05209844  0.88733859   0.02444507]
 [ 0.02105607  0.02362458  0.00337689  0.01253312  0.03766633  0.02283338  -0.0035495   0.02433675  0.00584605  0.00527534  0.02223634  0.02351268   0.02105263 -0.01283403  0.02422362  0.02341328  0.04832378 -0.10972408   1.          0.02631032  0.0157989   0.02175864  0.00051419  0.0157989   -0.02306402 -0.00715709 -0.00622164  0.02386347 -0.00425151  0.02386347  -0.00292823]
 [-0.33389033  0.98638085  0.01875585  0.97320236 -0.17473332  0.97137769   0.0227381   0.99064056  0.60995266  0.89300136  0.02890766  0.99337762   0.93771176  0.73304358  0.1004547   0.99400365  0.41565072  0.89465953   0.02631032  1.          0.9360226   0.41375903  0.48962002  0.9360226    0.02744132  0.04254978  0.03538152  0.98003966 -0.05816655  0.98003966   0.02623873]
 [-0.30355072  0.96025134  0.0120165   0.94854244 -0.16986766  0.94037501   0.03441926  0.96388395  0.60816839  0.86900538  0.03453713  0.96802516   0.9162915   0.69938191  0.1025637   0.96889017  0.41757152  0.87153814   0.0157989   0.9360226   1.          0.39060331  0.47595717  1.           0.35941069  0.06276813  0.05820075  0.9548245  -0.05000425  0.9548245    0.03381238]
 [ 0.40473557  0.39372764 -0.00892257  0.36206544  0.0979449   0.35469037   0.02693514  0.43860149  0.0233761   0.35946067  0.02317822  0.41078937   0.39997808  0.06784885  0.16211969  0.41229557  0.12189628  0.32257727   0.02175864  0.41375903  0.39060331  1.         -0.48454711  0.39060331   0.02028718  0.03172826  0.03531472  0.3965325   0.00924842  0.3965325    0.05195616]
 [-0.62587381  0.50113868  0.02468053  0.51633088 -0.22777911  0.53418702   0.0000256   0.46526002  0.51108455  0.44746861  0.01284031  0.49296827   0.45461485  0.55555093 -0.04860456  0.49219096  0.21784768  0.48413202   0.00051419  0.48962002  0.47595717 -0.48454711  1.          0.47595717   0.06102253 -0.0061468  -0.01259688  0.49368343 -0.05763835  0.49368343  -0.02249617]
 [-0.30355072  0.96025134  0.0120165   0.94854244 -0.16986766  0.94037501   0.03441926  0.96388395  0.60816839  0.86900538  0.03453713  0.96802516   0.9162915   0.69938191  0.1025637   0.96889017  0.41757152  0.87153814   0.0157989   0.9360226   1.          0.39060331  0.47595717  1.           0.35941069  0.06276813  0.05820075  0.9548245  -0.05000425  0.9548245    0.03381238]
 [ 0.01502781  0.1266949  -0.02424771  0.12802117 -0.01817355  0.11056704   0.03601645  0.12585645  0.09961313  0.11378446  0.02094396  0.1301866    0.12965825  0.0557794   0.02575503  0.1309556   0.08822975  0.11647223  -0.02306402  0.02744132  0.35941069  0.02028718  0.06102253  0.35941069   1.          0.06297722  0.06855253  0.1278914   0.0180942   0.1278914    0.02564891]
 [ 0.08280096  0.05258338  0.00761426  0.05488293 -0.03533884  0.04213563  -0.00756359  0.03653774  0.12199046  0.04319653 -0.00711381  0.04930248   0.04740068  0.03423664 -0.01065661  0.04943073 -0.13406446  0.06523652  -0.00715709  0.04254978  0.06276813  0.03172826 -0.0061468   0.06276813   0.06297722  1.          0.84432182  0.04889428 -0.00776513  0.04889428  -0.00469224]
 [ 0.0793319   0.05004845  0.07710435  0.04788812 -0.03136643  0.03895176  -0.00715959  0.03252721  0.10115824  0.03059512 -0.0056433   0.04315643   0.03859774  0.03780726 -0.01245392  0.04296998 -0.11752041  0.05670991  -0.00622164  0.03538152  0.05820075  0.03531472 -0.01259688  0.05820075   0.06855253  0.84432182  1.          0.04289155 -0.00736472  0.04289155  -0.00483517]
 [-0.34016107  0.9799356   0.01575056  0.96844706 -0.18659129  0.96259864   0.02645696  0.98183605  0.61025505  0.88757939  0.03088071  0.98547023   0.92752075  0.73830474  0.07139207  0.98581127  0.41589508  0.88733859   0.02386347  0.98003966  0.9548245   0.3965325   0.49368343  0.9548245    0.1278914   0.04889428  0.04289155  1.         -0.18111648  1.          -0.12587125]
 [ 0.07535849 -0.05921903 -0.0119266  -0.06521824  0.06434904 -0.06113846  -0.00188537 -0.05639278 -0.04760046 -0.05119687 -0.00463142 -0.05843713  -0.03543374 -0.08090195  0.10885396 -0.05643958 -0.02807758 -0.05209844  -0.00425151 -0.05816655 -0.05000425  0.00924842 -0.05763835 -0.05000425   0.0180942  -0.00776513 -0.00736472 -0.18111648  1.         -0.18111648   0.81028833]
 [-0.34016107  0.9799356   0.01575056  0.96844706 -0.18659129  0.96259864   0.02645696  0.98183605  0.61025505  0.88757939  0.03088071  0.98547023   0.92752075  0.73830474  0.07139207  0.98581127  0.41589508  0.88733859   0.02386347  0.98003966  0.9548245   0.3965325   0.49368343  0.9548245    0.1278914   0.04889428  0.04289155  1.         -0.18111648  1.          -0.12587125]
 [ 0.0603507   0.02474193  0.00449657  0.01608928  0.04534512  0.02073391   0.00030571  0.02862579  0.01753744  0.02536236 -0.00264308  0.02642601   0.04930041 -0.02744846  0.14404437  0.02895399  0.00697784  0.02444507  -0.00292823  0.02623873  0.03381238  0.05195616 -0.02249617  0.03381238   0.02564891 -0.00469224 -0.00483517 -0.12587125  0.81028833 -0.12587125   1.        ]]



17 Smart Stats


   Failure     1 Norm      5 Norm      7 Norm      9 Norm       9 Raw      183 Norm     184 Norm    187 Norm    188 Norm    189 Norm    190 Norm    190 Raw      193 Norm    193 Raw     194 Norm    198 Norm    198 Norm
[[ 1.         -0.34637151 -0.37016603 -0.33852826 -0.31663039 -0.31475728  -0.35728408 -0.33069015 -0.55187731 -0.32915408 -0.36098808 -0.33389033  -0.30355072  0.40473557 -0.62587381 -0.30355072 -0.34016107 -0.34016107]
 [-0.34637151  1.          0.97934938  0.96840688  0.98782048  0.61516057   0.89109264  0.99147703  0.75813244  0.99198041  0.89574166  0.98638085   0.96025134  0.39372764  0.50113868  0.96025134  0.9799356   0.9799356 ]
 [-0.37016603  0.97934938  1.          0.95784518  0.97472442  0.61001744   0.88460852  0.97848479  0.77479131  0.97906173  0.88637742  0.97320236   0.94854244  0.36206544  0.51633088  0.94854244  0.96844706  0.96844706]
 [-0.33852826  0.96840688  0.95784518  1.          0.9738629   0.58290394   0.87190344  0.97446505  0.72684693  0.97524887  0.87740638  0.97137769   0.94037501  0.35469037  0.53418702  0.94037501  0.96259864  0.96259864]
 [-0.31663039  0.98782048  0.97472442  0.9738629   1.          0.55438728   0.89628205  0.99535543  0.72821268  0.99607887  0.89532852  0.99064056   0.96388395  0.43860149  0.46526002  0.96388395  0.98183605  0.98183605]
 [-0.31475728  0.61516057  0.61001744  0.58290394  0.55438728  1.           0.54195275  0.61755289  0.47405008  0.6178579   0.5652878   0.60995266   0.60816839  0.0233761   0.51108455  0.60816839  0.61025505  0.61025505]
 [-0.35728408  0.89109264  0.88460852  0.87190344  0.89628205  0.54195275   1.          0.89741478  0.68832473  0.89796115  0.81579205  0.89300136   0.86900538  0.35946067  0.44746861  0.86900538  0.88757939  0.88757939]
 [-0.33069015  0.99147703  0.97848479  0.97446505  0.99535543  0.61755289   0.89741478  1.          0.73530335  0.99928889  0.89911718  0.99337762   0.96802516  0.41078937  0.49296827  0.96802516  0.98547023  0.98547023]
 [-0.55187731  0.75813244  0.77479131  0.72684693  0.72821268  0.47405008   0.68832473  0.73530335  1.          0.73284805  0.71193727  0.73304358   0.69938191  0.06784885  0.55555093  0.69938191  0.73830474  0.73830474]
 [-0.32915408  0.99198041  0.97906173  0.97524887  0.99607887  0.6178579    0.89796115  0.99928889  0.73284805  1.          0.89988599  0.99400365   0.96889017  0.41229557  0.49219096  0.96889017  0.98581127  0.98581127]
 [-0.36098808  0.89574166  0.88637742  0.87740638  0.89532852  0.5652878    0.81579205  0.89911718  0.71193727  0.89988599  1.          0.89465953   0.87153814  0.32257727  0.48413202  0.87153814  0.88733859  0.88733859]
 [-0.33389033  0.98638085  0.97320236  0.97137769  0.99064056  0.60995266   0.89300136  0.99337762  0.73304358  0.99400365  0.89465953  1.           0.9360226   0.41375903  0.48962002  0.9360226   0.98003966  0.98003966]
 [-0.30355072  0.96025134  0.94854244  0.94037501  0.96388395  0.60816839   0.86900538  0.96802516  0.69938191  0.96889017  0.87153814  0.9360226    1.          0.39060331  0.47595717  1.          0.9548245   0.9548245 ]
 [ 0.40473557  0.39372764  0.36206544  0.35469037  0.43860149  0.0233761    0.35946067  0.41078937  0.06784885  0.41229557  0.32257727  0.41375903   0.39060331  1.         -0.48454711  0.39060331  0.3965325   0.3965325 ]
 [-0.62587381  0.50113868  0.51633088  0.53418702  0.46526002  0.51108455   0.44746861  0.49296827  0.55555093  0.49219096  0.48413202  0.48962002   0.47595717 -0.48454711  1.          0.47595717  0.49368343  0.49368343]
 [-0.30355072  0.96025134  0.94854244  0.94037501  0.96388395  0.60816839   0.86900538  0.96802516  0.69938191  0.96889017  0.87153814  0.9360226    1.          0.39060331  0.47595717  1.          0.9548245   0.9548245 ]
 [-0.34016107  0.9799356   0.96844706  0.96259864  0.98183605  0.61025505   0.88757939  0.98547023  0.73830474  0.98581127  0.88733859  0.98003966   0.9548245   0.3965325   0.49368343  0.9548245   1.          1.        ]
 [-0.34016107  0.9799356   0.96844706  0.96259864  0.98183605  0.61025505   0.88757939  0.98547023  0.73830474  0.98581127  0.88733859  0.98003966   0.9548245   0.3965325   0.49368343  0.9548245   1.          1.        ]]



